2031.0
2027.0
2024.0
2022.0
2020.0
2022.0
2022.0
2024.0
2028.0
2032.0
2038.0
2040.0
2043.0
2044.0
2045.0
2044.0
2043.0
2039.0
2035.0
2031.0
2029.0
2026.0
2024.0
2024.0
2025.0
2023.0
2023.0
2026.0
2031.0
2037.0
2042.0
2045.0
2048.0
2049.0
2049.0
2051.0
2048.0
2044.0
2040.0
2037.0
2033.0
2030.0
2028.0
2027.0
2027.0
2026.0
2025.0
2029.0
2034.0
2040.0
2044.0
2046.0
2049.0
2050.0
2051.0
2050.0
2047.0
2044.0
2041.0
2038.0
2033.0
2030.0
2027.0
2027.0
2027.0
2027.0
2026.0
2031.0
2036.0
2040.0
2044.0
2048.0
2050.0
2053.0
2054.0
2053.0
2051.0
2047.0
2044.0
2039.0
2035.0
2033.0
2030.0
2030.0
2029.0
2030.0
2030.0
2033.0
2037.0
2043.0
2047.0
2049.0
2052.0
2055.0
2056.0
2056.0
2052.0
2050.0
2046.0
2042.0
2037.0
2033.0
2031.0
2028.0
2030.0
2030.0
2030.0
2034.0
2037.0
2045.0
2049.0
2052.0
2054.0
2056.0
2056.0
2056.0
2055.0
2051.0
2048.0
2043.0
2040.0
2037.0
2034.0
2034.0
2034.0
2034.0
2035.0
2040.0
2044.0
2049.0
2053.0
2055.0
2058.0
2061.0
2063.0
2061.0
2059.0
2054.0
2050.0
2044.0
2039.0
2037.0
2035.0
2034.0
2035.0
2033.0
2035.0
2038.0
2042.0
2047.0
2054.0
2058.0
2059.0
2061.0
2061.0
2062.0
2059.0
2056.0
2052.0
2048.0
2044.0
2040.0
2039.0
2037.0
2039.0
2038.0
2040.0
2042.0
2048.0
2052.0
2057.0
2059.0
2061.0
2063.0
2064.0
2064.0
2062.0
2057.0
2054.0
2050.0
2046.0
2043.0
2040.0
2039.0
2039.0
2039.0
2040.0
2042.0
2048.0
2053.0
2057.0
2060.0
2062.0
2066.0
2067.0
2066.0
2063.0
2060.0
2056.0
2052.0
2048.0
2043.0
2041.0
2040.0
2039.0
2040.0
2040.0
2043.0
2049.0
2054.0
2058.0
2062.0
2065.0
2065.0
2067.0
2066.0
2065.0
2061.0
2057.0
2054.0
2049.0
2045.0
2042.0
2042.0
2041.0
2041.0
2043.0
2046.0
2053.0
2058.0
2061.0
2064.0
2065.0
2068.0
2068.0
2068.0
2065.0
2061.0
2058.0
2051.0
2048.0
2044.0
2042.0
2040.0
2041.0
2041.0
2041.0
2044.0
2052.0
2056.0
2062.0
2064.0
2066.0
2069.0
2069.0
2068.0
2065.0
2062.0
2059.0
2055.0
2050.0
2046.0
2044.0
2046.0
2044.0
2043.0
2045.0
2048.0
2053.0
2058.0
2063.0
2066.0
2069.0
2072.0
2072.0
2070.0
2067.0
2063.0
2060.0
2055.0
2052.0
2048.0
2045.0
2045.0
2044.0
2045.0
2045.0
2049.0
2054.0
2060.0
2063.0
2065.0
2066.0
2066.0
2068.0
2067.0
2065.0
2060.0
2057.0
2054.0
2050.0
2046.0
2044.0
2043.0
2042.0
2042.0
2043.0
2045.0
2050.0
2056.0
2061.0
2065.0
2067.0
2069.0
2069.0
2070.0
2068.0
2064.0
2061.0
2055.0
2053.0
2049.0
2048.0
2049.0
2048.0
2051.0
2051.0
2055.0
2060.0
2066.0
2071.0
2073.0
2076.0
2079.0
2080.0
2079.0
2076.0
2073.0
2068.0
2064.0
2060.0
2056.0
2053.0
2053.0
2054.0
2053.0
2055.0
2058.0
2063.0
2070.0
2073.0
2076.0
2077.0
2079.0
2079.0
2077.0
2074.0
2070.0
2066.0
2060.0
2056.0
2052.0
2048.0
2048.0
2049.0
2048.0
2049.0
2052.0
2058.0
2062.0
2067.0
2068.0
2069.0
2072.0
2071.0
2073.0
2069.0
2065.0
2063.0
2058.0
2055.0
2052.0
2050.0
2050.0
2048.0
2049.0
2049.0
2052.0
2057.0
2063.0
2068.0
2070.0
2072.0
2074.0
2075.0
2073.0
2070.0
2066.0
2062.0
2058.0
2054.0
2051.0
2050.0
2049.0
2048.0
2049.0
2049.0
2052.0
2058.0
2061.0
2066.0
2068.0
2070.0
2073.0
2073.0
2073.0
2069.0
2065.0
2062.0
2057.0
2052.0
2048.0
2048.0
2048.0
2049.0
2049.0
2050.0
2052.0
2057.0
2061.0
2066.0
2068.0
2071.0
2074.0
2073.0
2073.0
2070.0
2066.0
2063.0
2059.0
2055.0
2052.0
2049.0
2048.0
2049.0
2048.0
2048.0
2052.0
2058.0
2063.0
2067.0
2070.0
2071.0
2074.0
2074.0
2074.0
2070.0
2064.0
2059.0
2053.0
2047.0
2040.0
2035.0
2031.0
2025.0
2020.0
2016.0
2013.0
2014.0
2016.0
2017.0
2019.0
2022.0
2025.0
2027.0
2029.0
2030.0
2030.0
2028.0
2025.0
2022.0
2020.0
2022.0
2030.0
2045.0
2069.0
2099.0
2132.0
2173.0
2210.0
2246.0
2276.0
2301.0
2325.0
2343.0
2359.0
2370.0
2381.0
2391.0
2403.0
2416.0
2427.0
2441.0
2456.0
2465.0
2474.0
2480.0
2483.0
2481.0
2469.0
2446.0
2414.0
2377.0
2337.0
2294.0
2251.0
2208.0
2168.0
2135.0
2108.0
2087.0
2073.0
2065.0
2058.0
2054.0
2051.0
2049.0
2048.0
2051.0
2052.0
2054.0
2053.0
2053.0
2055.0
2052.0
2049.0
2044.0
2038.0
2033.0
2026.0
2020.0
2015.0
2011.0
2008.0
2007.0
2006.0
2006.0
2008.0
2012.0
2015.0
2019.0
2021.0
2023.0
2025.0
2025.0
2025.0
2022.0
2017.0
2013.0
2008.0
2003.0
2000.0
1999.0
1999.0
1998.0
1999.0
2000.0
2004.0
2011.0
2016.0
2020.0
2022.0
2025.0
2025.0
2027.0
2026.0
2020.0
2019.0
2016.0
2011.0
2007.0
2004.0
2001.0
2001.0
2001.0
2002.0
2004.0
2007.0
2012.0
2019.0
2025.0
2026.0
2030.0
2033.0
2033.0
2032.0
2029.0
2026.0
2020.0
2017.0
2013.0
2008.0
2008.0
2009.0
2008.0
2010.0
2011.0
2016.0
2020.0
2027.0
2031.0
2034.0
2035.0
2039.0
2039.0
2038.0
2036.0
2032.0
2029.0
2025.0
2021.0
2018.0
2016.0
2017.0
2015.0
2018.0
2019.0
2025.0
2030.0
2035.0
2038.0
2042.0
2044.0
2045.0
2048.0
2046.0
2043.0
2040.0
2037.0
2033.0
2028.0
2024.0
2024.0
2024.0
2023.0
2023.0
2025.0
2030.0
2038.0
2042.0
2048.0
2050.0
2054.0
2056.0
2056.0
2056.0
2054.0
2049.0
2045.0
2040.0
2037.0
2035.0
2034.0
2034.0
2033.0
2034.0
2036.0
2041.0
2048.0
2053.0
2058.0
2059.0
2061.0
2063.0
2064.0
2063.0
2061.0
2058.0
2055.0
2050.0
2046.0
2044.0
2042.0
2043.0
2044.0
2045.0
2045.0
2050.0
2056.0
2061.0
2065.0
2070.0
2073.0
2075.0
2078.0
2077.0
2075.0
2072.0
2068.0
2063.0
2059.0
2055.0
2055.0
2054.0
2054.0
2055.0
2058.0
2063.0
2068.0
2073.0
2078.0
2084.0
2086.0
2089.0
2092.0
2090.0
2086.0
2083.0
2079.0
2076.0
2072.0
2069.0
2069.0
2070.0
2071.0
2071.0
2074.0
2079.0
2084.0
2091.0
2096.0
2099.0
2101.0
2104.0
2105.0
2105.0
2102.0
2098.0
2095.0
2092.0
2088.0
2085.0
2084.0
2082.0
2083.0
2083.0
2085.0
2089.0
2094.0
2098.0
2103.0
2105.0
2107.0
2109.0
2109.0
2108.0
2105.0
2101.0
2098.0
2093.0
2089.0
2085.0
2083.0
2082.0
2081.0
2081.0
2081.0
2084.0
2088.0
2091.0
2094.0
2096.0
2098.0
2099.0
2096.0
2096.0
2091.0
2086.0
2080.0
2074.0
2067.0
2061.0
2057.0
2054.0
2052.0
2050.0
2049.0
2053.0
2056.0
2060.0
2062.0
2063.0
2063.0
2062.0
2061.0
2058.0
2054.0
2048.0
2042.0
2036.0
2030.0
2025.0
2022.0
2020.0
2019.0
2019.0
2018.0
2021.0
2024.0
2029.0
2031.0
2032.0
2035.0
2035.0
2034.0
2031.0
2028.0
2023.0
2016.0
2012.0
2007.0
2002.0
2000.0
2000.0
1997.0
1998.0
1999.0
2003.0
2007.0
2013.0
2015.0
2017.0
2020.0
2022.0
2023.0
2020.0
2018.0
2014.0
2010.0
2005.0
2000.0
1997.0
1996.0
1995.0
1994.0
1994.0
1995.0
2000.0
2006.0
2012.0
2015.0
2019.0
2022.0
2024.0
2023.0
2021.0
2019.0
2016.0
2013.0
2007.0
2003.0
2000.0
1999.0
1999.0
1998.0
1999.0
2000.0
2005.0
2012.0
2017.0
2022.0
2023.0
2027.0
2028.0
2030.0
2029.0
2025.0
2021.0
2017.0
2012.0
2009.0
2005.0
2004.0
2003.0
2003.0
2002.0
2005.0
2010.0
2015.0
2020.0
2026.0
2028.0
2032.0
2032.0
2033.0
2031.0
2028.0
2024.0
2021.0
2016.0
2012.0
2009.0
2008.0
2006.0
2008.0
2008.0
2010.0
2016.0
2022.0
2027.0
2030.0
2034.0
2038.0
2040.0
2040.0
2039.0
2035.0
2031.0
2026.0
2022.0
2018.0
2015.0
2015.0
2015.0
2014.0
2015.0
2017.0
2021.0
2026.0
2031.0
2034.0
2038.0
2040.0
2041.0
2042.0
2041.0
2037.0
2034.0
2030.0
2025.0
2022.0
2018.0
2016.0
2016.0
2014.0
2015.0
2018.0
2022.0
2027.0
2031.0
2035.0
2039.0
2041.0
2043.0
2043.0
2042.0
2039.0
2034.0
2030.0
2025.0
2022.0
2018.0
2017.0
2017.0
2018.0
2018.0
2020.0
2023.0
2029.0
2035.0
2039.0
2043.0
2044.0
2046.0
2048.0
2048.0
2044.0
2041.0
2037.0
2032.0
2026.0
2023.0
2021.0
2021.0
2021.0
2020.0
2022.0
2027.0
2032.0
2037.0
2041.0
2044.0
2047.0
2050.0
2050.0
2047.0
2045.0
2042.0
2039.0
2034.0
2030.0
2026.0
2024.0
2021.0
2022.0
2021.0
2023.0
2026.0
2034.0
2038.0
2042.0
2045.0
2048.0
2049.0
2049.0
2048.0
2045.0
2042.0
2037.0
2033.0
2028.0
2025.0
